100	0
200	0
300	0
400	0
500	0
600	0
700	0
800	15
900	0
1000	0
1100	0
1200	16
1300	0
1400	0
1500	15
1600	0
1700	16
1800	16
1900	0
2000	0
2100	15
2200	0
2300	16
2400	16
2500	0
2600	15
2700	31
2800	16
2900	31
3000	32
3100	31
3200	15
3300	16
3400	31
3500	32
3600	31
3700	31
3800	16
3900	31
4000	31
4100	31
4200	32
4300	31
4400	31
4500	31
4600	32
4700	47
4800	46
4900	47
5000	78
5100	79
5200	62
5300	47
5400	47
5500	47
5600	62
5700	94
5800	78
5900	94
6000	78
6100	78
6200	94
6300	109
6400	63
6500	93
6600	125
6700	110
6800	109
6900	109
7000	94
7100	78
7200	109
7300	125
7400	110
7500	140
7600	125
7700	110
7800	109
7900	172
